5 1 2
3 3 5
8 74 76
1 10 11
2 40 44
8 51 52
2 12 12
4 13 13
6 14 14
7 15 15
90 6 16
9 17 17
9 -2 0
9 -2 0
9 -2 0
9 -2 0
9 -2 0
6 19 20
2 22 22
4 23 25
40 18 38
8 39 39
4 -2 0
2 26 27
7 30 31
8 34 35
7 28 28
8 29 29
8 -2 0
7 -1 0
2 32 32
8 33 33
8 -1 0
2 -1 0
2 36 36
7 37 37
7 -1 0
2 -2 0
4 -2 0
4 -2 0
1 45 45
4 46 46
6 47 47
7 48 48
9 49 49
8 -2 0
8 -2 0
8 -2 0
8 -2 0
8 -2 0
1 56 56
2 57 57
20 50 70
6 71 71
7 72 72
9 73 73
2 -2 0
1 60 61
4 62 62
6 63 63
90 58 64
9 65 65
9 -2 0
9 -2 0
9 -2 0
6 66 67
4 68 68
7 69 69
7 -1 0
4 -2 0
2 -2 0
2 -2 0
2 -2 0
2 -2 0
1 81 82
4 99 103
7 109 113
2 83 83
3 84 84
4 85 85
6 86 86
90 77 87
9 88 88
9 -2 0
9 -2 0
9 -2 0
9 -2 0
9 -2 0
7 89 92
2 93 94
3 95 95
4 96 96
6 97 98
3 -2 0
4 -2 0
4 -2 0
3 -2 0
3 -2 0
4 -2 0
1 104 104
2 105 105
3 106 106
7 107 107
9 108 108
6 -2 0
6 -2 0
6 -2 0
6 -2 0
6 -2 0
1 114 114
2 115 115
4 116 116
6 117 117
7 118 118
3 -2 0
3 -2 0
3 -2 0
3 -2 0
3 -2 0
